  
 iso7    :
  tin =  1.000000000000E-03 din =  1.000000000000E+04 ein =  0.000000000000E+00
  tout=  1.000000000000E+04 dout=  1.000000000000E+04 eout= -1.216380721697E+13
  enuc= -1.216E+17 sum = -2.234E-06 nbad=    3 nok=   57
  
 top  7 mass fractions:
 c12  = 1.000E+00 ni56 = 5.600E-29 si28 = 2.800E-29 mg24 = 2.400E-29 ne20 = 2.000E-29
 o16  = 1.600E-29 he4  = 2.667E-30 
  
 cpu time : 00 hrs  00 min  00 sec       0 usec


