  
 iso7    :
  tin =  1.000000000000E+09 din =  1.000000000000E+05 ein =  1.810074868110E+17
  tout=  1.000000000000E+09 dout=  1.000000000000E+05 eout=  2.882807769183E+17
  enuc=  1.073E+17 sum = -1.182E-09 nbad=    1 nok=    5
  
 top  7 mass fractions:
 he4  = 8.394E-01 c12  = 8.152E-02 si28 = 7.803E-02 mg24 = 7.491E-04 ne20 = 2.453E-04
 o16  = 8.502E-05 ni56 = 5.600E-29 
  
 cpu time : 00 hrs  00 min  00 sec       0 usec


